 <pre>

 Contingency table for Cloud base (m)
 Selection: METCOOP    227 stations
Period: 20231108-20231118
Used {00,06,12,18} + 01 02 ... 12
 Limits    70.0000000       150.000000       300.000000       600.000000       1000.00000       1500.00000       2500.00000       5000.00000    
 Each class is data <= limit, the very last > last limit
 Total number of values       99326
                                                       OBSERVATION
                                   1606     2161      627      204      119      251      191       15      121 |      5295
                                    829     2454     1333      347      131       84       74       12      123 |      5387
                                    696     3293     5262     1092      322      152      143       31      301 |     11292
                                    504     2536     9568     7310     1552      588      398      148      595 |     23199
                           Ref      324      870     2803     3497     3126     1340      453      159      321 |     12893
                                     76      227     1058     1153      726     1384      351       79      213 |      5267
                                     35      162      646      769      288      480      465      109      163 |      3117
                                     23       70      212      292      102      119      204      268      146 |      1436
                                   1395     2589     4846     4683     2760     2151     1533     1178    10305 |     31440

                    SUM            5488    14362    26355    19347     9126     6549     3812     1999    12288 |     99326
                                                       OBSERVATION
                                   1089     1343      460      142      101      163      231       43      256 |      3828
                                    769     1938      977      237       95       57       48       44      302 |      4467
                                    818     3536     4881     1103      356      151       66       47      808 |     11766
                                    646     2841     9653     7457     1707      613      302      199      816 |     24234
                            1h      427     1234     2912     3296     2796     1216      445      137      424 |     12887
                                    175      499     1508     1376      976     1556      389      103      265 |      6847
                                    133      374      968     1045      378      586      572      189      230 |      4475
                                     42      114      400      320      123      147      177      257      149 |      1729
                                   1389     2483     4596     4371     2594     2060     1582      980     9038 |     29093

                    SUM            5488    14362    26355    19347     9126     6549     3812     1999    12288 |     99326
                                                       OBSERVATION
                                   1226     1693      625      231      106      197      215       32      201 |      4526
                                    777     2181     1209      272       96       58       22       17      223 |      4855
                                    790     3425     5001     1112      366      150       73       28      606 |     11551
                                    549     2636     9335     7471     1751      609      280      179      831 |     23641
                        cutoff      368     1025     2921     3373     2831     1238      394      128      413 |     12691
                                    160      497     1385     1362      930     1493      434      106      289 |      6656
                                    124      337      946      956      373      532      561      212      237 |      4278
                                     46      122      384      305      109      154      189      247      138 |      1694
                                   1448     2446     4549     4265     2564     2118     1644     1050     9350 |     29434

                    SUM            5488    14362    26355    19347     9126     6549     3812     1999    12288 |     99326

