 <pre>

 Contingency table for Cloud base (m)
 Selection: ALL    625 stations
Period: 20231108-20231118
Used {00,06,12,18} + 01 02 ... 12
 Limits    70.0000000       150.000000       300.000000       600.000000       1000.00000       1500.00000       2500.00000       5000.00000    
 Each class is data <= limit, the very last > last limit
 Total number of values      228547
                                                       OBSERVATION
                                   2765     3138     1262      603      481      443      303      144      487 |      9626
                                   1227     4041     2650      948      431      207      152       78      189 |      9923
                                   1087     5640    10105     3562     1109      466      269      123      412 |     22773
                                    890     4066    16160    18894     6242     1929      875      566     1156 |     50778
                           Ref      700     1629     5663     9841    11841     4993     1519      824     1469 |     38479
                                    255      602     2326     3794     4512     4779     1839      592      869 |     19568
                                    105      320     1087     1732     1375     1643     1625      614      347 |      8848
                                    133      159      446      758      599      604      842     1616      284 |      5441
                                   1963     3319     6670     9176     8920     6541     3654     5056    17812 |     63111

                    SUM            9125    22914    46369    49308    35510    21605    11078     9613    23025 |    228547
                                                       OBSERVATION
                                   1858     1998     1023      521      482      369      306      174      485 |      7216
                                   1142     3213     2048      767      377      137       95       96      385 |      8260
                                   1233     5616     8888     3267     1096      384      139      129      991 |     21743
                                   1126     4575    16157    18029     5829     1802      676      513     1307 |     50014
                            1h      893     2262     6121     9625    10987     4682     1490      771     1639 |     38470
                                    428     1029     3069     4403     4868     4927     1757      593      983 |     22057
                                    273      691     1753     2416     1752     1958     1866      713      527 |     11949
                                    172      241      735      953      729      660      835     1754      308 |      6387
                                   2000     3289     6575     9327     9390     6686     3914     4870    16400 |     62451

                    SUM            9125    22914    46369    49308    35510    21605    11078     9613    23025 |    228547
                                                       OBSERVATION
                                   2078     2563     1350      678      516      436      320      164      471 |      8576
                                   1161     3603     2589      962      462      187       76       89      310 |      9439
                                   1199     5429     9321     3730     1313      418      169      134      782 |     22495
                                    996     4286    15463    17976     6018     1829      672      520     1361 |     49121
                        cutoff      833     2017     6093     9670    11019     4703     1420      748     1622 |     38125
                                    404      976     2848     4154     4836     4888     1869      618      984 |     21577
                                    261      596     1636     2248     1725     1858     1890      778      501 |     11493
                                    163      255      712      875      669      668      826     1753      328 |      6249
                                   2030     3189     6357     9015     8952     6618     3836     4809    16666 |     61472

                    SUM            9125    22914    46369    49308    35510    21605    11078     9613    23025 |    228547

