 <pre>

 Contingency table for Low clouds (octas)
 Selection: METCOOP    228 stations
Period: 20231108-20231118
Used {00,06,12,18} + 01 02 ... 12
 Limits    1.00000000       2.00000000       3.00000000       4.00000000       5.00000000       6.00000000       7.00000000    
 Each class is data <= limit, the very last > last limit
 Total number of values      100555
                                              OBSERVATION
                                  12174      698      583      494      487      594     1614     8126 |     24770
                                    842      110      115      130      107      160      335     1467 |      3266
                                    535      120      110       96      123      100      262     1253 |      2599
                           Ref      462      144      115       99       97      104      264     1198 |      2483
                                    404      122      110      109       92      101      285     1332 |      2555
                                    405      155      130      122      147      156      400     1610 |      3125
                                    627      247      245      216      209      233      667     3030 |      5474
                                   2574     2044     1806     1960     1915     2414     5472    38098 |     56283

                    SUM           18023     3640     3214     3226     3177     3862     9299    56114 |    100555
                                              OBSERVATION
                                  10283      653      552      481      461      569     1362     7003 |     21364
                                    981      144      138      143      125      127      368     1803 |      3829
                                    680      137      120      112      117      128      320     1398 |      3012
                            1h      558      130      112      103       95      111      294     1409 |      2812
                                    486      127      129      118      103      103      314     1439 |      2819
                                    495      171      119      131      162      155      411     1873 |      3517
                                    707      270      232      214      250      202      688     3294 |      5857
                                   3833     2008     1812     1924     1864     2467     5542    37895 |     57345

                    SUM           18023     3640     3214     3226     3177     3862     9299    56114 |    100555
                                              OBSERVATION
                                  10658      646      555      489      465      575     1365     7075 |     21828
                                   1010      171      150      126      126      119      335     1700 |      3737
                                    694      129      117       97      116      134      323     1430 |      3040
                        cutoff      560      118      107       95       81      114      325     1390 |      2790
                                    527      139      114      121      101      120      306     1463 |      2891
                                    513      153      156      122      149      132      403     1832 |      3460
                                    703      249      204      227      222      239      667     3107 |      5618
                                   3358     2035     1811     1949     1917     2429     5575    38117 |     57191

                    SUM           18023     3640     3214     3226     3177     3862     9299    56114 |    100555

