 <pre>

 Contingency table for Visibility (m)
 Selection: ALL    703 stations
Period: 20231108-20231118
Used {00,06,12,18} + 00 01 ... 12
 Limits    1000.00000       5000.00000       10000.0000       20000.0000    
 Each class is data <= limit, the very last > last limit
 Total number of values      323926
                                     OBSERVATION
                                   2423     2447     1382     1324     1032 |      8608
                                   2852    16231    15431    18670    15386 |     68570
                           Ref      890     5491    10064    22907    37530 |     76882
                                    426     3373     7105    19767    54432 |     85103
                                    870     4361     7039    20475    52018 |     84763

                    SUM            7461    31903    41021    83143   160398 |    323926
                                     OBSERVATION
                                   1674     1681     1118      937      840 |      6250
                                   3182    15987    14844    17761    15432 |     67206
                            1h     1153     6259    10461    24014    38053 |     79940
                                    468     3660     7446    20283    55316 |     87173
                                    984     4316     7152    20148    50757 |     83357

                    SUM            7461    31903    41021    83143   160398 |    323926
                                     OBSERVATION
                                   1846     1910     1262     1173      940 |      7131
                                   3090    16129    15433    18861    16102 |     69615
                        cutoff     1095     6038    10311    23949    38648 |     80041
                                    494     3658     7223    19485    54156 |     85016
                                    936     4168     6792    19675    50552 |     82123

                    SUM            7461    31903    41021    83143   160398 |    323926

