 <pre>

 Contingency table for Visibility (m)
 Selection: METCOOP    263 stations
Period: 20231108-20231118
Used {00,06,12,18} + 00 01 ... 12
 Limits    1000.00000       5000.00000       10000.0000       20000.0000    
 Each class is data <= limit, the very last > last limit
 Total number of values      130579
                                     OBSERVATION
                                    949     1029      595      612      693 |      3878
                                   1152     6652     4818     5135     7051 |     24808
                           Ref      368     1818     2276     3777    12739 |     20978
                                    320     1545     2288     4876    28702 |     37731
                                    538     1994     2086     7355    31211 |     43184

                    SUM            3327    13038    12063    21755    80396 |    130579
                                     OBSERVATION
                                    618      656      447      367      578 |      2666
                                   1329     6439     4619     5037     7189 |     24613
                            1h      479     2235     2410     4191    13721 |     23036
                                    307     1684     2418     5045    28780 |     38234
                                    594     2024     2169     7115    30128 |     42030

                    SUM            3327    13038    12063    21755    80396 |    130579
                                     OBSERVATION
                                    664      764      539      489      653 |      3109
                                   1319     6431     4697     5095     7287 |     24829
                        cutoff      461     2147     2359     4012    13520 |     22499
                                    328     1733     2399     5019    28795 |     38274
                                    555     1963     2069     7140    30141 |     41868

                    SUM            3327    13038    12063    21755    80396 |    130579

