 <pre>

 Contingency table for Cloud cover (octas)
 Selection: ALL    399 stations
Period: 20231108-20231118
Used {00,06,12,18} + 01 02 ... 12
 Limits   0.500000000       1.50000000       2.50000000       3.50000000       4.50000000       5.50000000       6.50000000       7.50000000    
 Each class is data <= limit, the very last > last limit
 Total number of values      133580
                                                       OBSERVATION
                                   2240      632      479      355      177      245      333      429     1274 |      6164
                                    771      254      254      224      172      212      309      519     1242 |      3957
                                    456      180      177      172      144      167      229      457     1166 |      3148
                                    329      163      146      149      115      129      221      495     1177 |      2924
                           Ref      302      146      162      129      120      173      254      580     1410 |      3276
                                    308      172      139      159      147      183      286      738     1584 |      3716
                                    346      170      165      169      191      262      365      948     2250 |      4866
                                    470      299      259      274      272      405      654     1857     4460 |      8950
                                   1829     1146      900     1228     1087     1945     3508    21462    63474 |     96579

                    SUM            7051     3162     2681     2859     2425     3721     6159    27485    78037 |    133580
                                                       OBSERVATION
                                   2129      603      466      334      185      281      354      471     1401 |      6224
                                    821      243      240      237      196      211      291      561     1559 |      4359
                                    456      196      192      165      132      166      241      542     1328 |      3418
                                    362      154      158      139      114      172      239      548     1342 |      3228
                            1h      315      137      117      155      153      153      223      648     1461 |      3362
                                    321      173      167      141      138      198      319      733     1917 |      4107
                                    364      192      192      190      177      235      390     1076     2503 |      5319
                                    499      292      252      299      315      413      643     1912     4648 |      9273
                                   1784     1172      897     1199     1015     1892     3459    20994    61878 |     94290

                    SUM            7051     3162     2681     2859     2425     3721     6159    27485    78037 |    133580
                                                       OBSERVATION
                                   2089      574      453      334      184      253      311      413     1121 |      5732
                                    813      269      244      217      190      249      295      555     1366 |      4198
                                    489      201      195      176      129      178      246      559     1177 |      3350
                                    329      125      131      127      132      144      224      518     1294 |      3024
                        cutoff      341      147      124      144      109      171      233      623     1406 |      3298
                                    318      175      149      156      142      186      275      739     1703 |      3843
                                    368      206      200      188      192      227      361      992     2377 |      5111
                                    503      319      273      312      294      400      663     1876     4476 |      9116
                                   1801     1146      912     1205     1053     1913     3551    21210    63117 |     95908

                    SUM            7051     3162     2681     2859     2425     3721     6159    27485    78037 |    133580

