 <pre>

 Contingency table for Low clouds (octas)
 Selection: ALL    617 stations
Period: 20231108-20231118
Used {00,06,12,18} + 01 02 ... 12
 Limits    1.00000000       2.00000000       3.00000000       4.00000000       5.00000000       6.00000000       7.00000000    
 Each class is data <= limit, the very last > last limit
 Total number of values      231864
                                              OBSERVATION
                                  24380     2052     1584     1225     1297     1494     3731    12492 |     48255
                                   2405      472      458      369      395      442     1046     2939 |      8526
                                   1651      388      384      292      354      368      916     2492 |      6845
                           Ref     1336      414      416      343      339      394      939     2463 |      6644
                                   1222      408      416      351      352      386     1019     2703 |      6857
                                   1386      487      487      410      463      516     1383     3293 |      8425
                                   1875      786      791      680      719      822     2306     6093 |     14072
                                   6767     5545     5883     5313     6148     7927    22145    72512 |    132240

                    SUM           41022    10552    10419     8983    10067    12349    33485   104987 |    231864
                                              OBSERVATION
                                  22368     2078     1602     1251     1355     1550     3755    11753 |     45712
                                   2599      526      467      413      427      440     1239     3458 |      9569
                                   1815      418      417      358      372      402     1100     2830 |      7712
                            1h     1531      393      432      336      335      400     1104     2859 |      7390
                                   1403      413      440      398      386      414     1169     3005 |      7628
                                   1442      509      500      442      497      537     1390     3802 |      9119
                                   1921      828      862      679      776      862     2347     6533 |     14808
                                   7943     5387     5699     5106     5919     7744    21381    70747 |    129926

                    SUM           41022    10552    10419     8983    10067    12349    33485   104987 |    231864
                                              OBSERVATION
                                  22668     2016     1567     1270     1334     1531     3566    11288 |     45240
                                   2614      573      490      390      414      438     1167     3308 |      9394
                                   1738      390      441      324      365      392     1082     2821 |      7553
                        cutoff     1545      380      413      299      336      370     1069     2752 |      7164
                                   1364      444      419      376      360      407     1160     2947 |      7477
                                   1506      489      525      435      456      495     1389     3635 |      8930
                                   2005      835      810      719      742      849     2359     6298 |     14617
                                   7582     5425     5754     5170     6060     7867    21693    71938 |    131489

                    SUM           41022    10552    10419     8983    10067    12349    33485   104987 |    231864

